➜  Lab3 git:(master) ✗ g++ ./main.cpp -pthread
➜  Lab3 git:(master) ✗ ./a.out 1 2000 2000 2000 
Thread_0: 0 ~2000, step 1
=== FIRST 10 ===
2.66867e+09 2.67067e+09 2.67267e+09 2.67467e+09 2.67667e+09 2.67867e+09 2.68067e+09 2.68267e+09 2.68468e+09 2.68668e+09 
2.67067e+09 2.67267e+09 2.67467e+09 2.67668e+09 2.67868e+09 2.68068e+09 2.68269e+09 2.68469e+09 2.68669e+09 2.6887e+09 
2.67267e+09 2.67467e+09 2.67668e+09 2.67868e+09 2.68069e+09 2.68269e+09 2.6847e+09 2.6867e+09 2.68871e+09 2.69071e+09 
2.67467e+09 2.67668e+09 2.67868e+09 2.68069e+09 2.6827e+09 2.6847e+09 2.68671e+09 2.68872e+09 2.69073e+09 2.69273e+09 
2.67667e+09 2.67868e+09 2.68069e+09 2.6827e+09 2.68471e+09 2.68672e+09 2.68872e+09 2.69073e+09 2.69274e+09 2.69475e+09 
2.67867e+09 2.68068e+09 2.68269e+09 2.6847e+09 2.68672e+09 2.68873e+09 2.69074e+09 2.69275e+09 2.69476e+09 2.69677e+09 
2.68067e+09 2.68269e+09 2.6847e+09 2.68671e+09 2.68872e+09 2.69074e+09 2.69275e+09 2.69476e+09 2.69678e+09 2.69879e+09 
2.68267e+09 2.68469e+09 2.6867e+09 2.68872e+09 2.69073e+09 2.69275e+09 2.69476e+09 2.69678e+09 2.69879e+09 2.70081e+09 
2.68468e+09 2.68669e+09 2.68871e+09 2.69073e+09 2.69274e+09 2.69476e+09 2.69678e+09 2.69879e+09 2.70081e+09 2.70283e+09 
2.68668e+09 2.6887e+09 2.69071e+09 2.69273e+09 2.69475e+09 2.69677e+09 2.69879e+09 2.70081e+09 2.70283e+09 2.70485e+09 
=== LAST 10 ===
6.65066e+09 6.65664e+09 6.66262e+09 6.6686e+09 6.67458e+09 6.68056e+09 6.68654e+09 6.69252e+09 6.6985e+09 6.70449e+09 
6.65266e+09 6.65864e+09 6.66462e+09 6.67061e+09 6.67659e+09 6.68257e+09 6.68856e+09 6.69454e+09 6.70052e+09 6.7065e+09 
6.65466e+09 6.66064e+09 6.66663e+09 6.67261e+09 6.6786e+09 6.68458e+09 6.69057e+09 6.69655e+09 6.70254e+09 6.70852e+09 
6.65666e+09 6.66265e+09 6.66863e+09 6.67462e+09 6.68061e+09 6.6866e+09 6.69258e+09 6.69857e+09 6.70456e+09 6.71054e+09 
6.65866e+09 6.66465e+09 6.67064e+09 6.67663e+09 6.68262e+09 6.68861e+09 6.6946e+09 6.70058e+09 6.70657e+09 6.71256e+09 
6.66066e+09 6.66665e+09 6.67264e+09 6.67864e+09 6.68463e+09 6.69062e+09 6.69661e+09 6.7026e+09 6.70859e+09 6.71458e+09 
6.66266e+09 6.66866e+09 6.67465e+09 6.68064e+09 6.68664e+09 6.69263e+09 6.69862e+09 6.70461e+09 6.71061e+09 6.7166e+09 
6.66466e+09 6.67066e+09 6.67665e+09 6.68265e+09 6.68864e+09 6.69464e+09 6.70063e+09 6.70663e+09 6.71262e+09 6.71862e+09 
6.66666e+09 6.67266e+09 6.67866e+09 6.68466e+09 6.69065e+09 6.69665e+09 6.70265e+09 6.70864e+09 6.71464e+09 6.72064e+09 
6.66867e+09 6.67466e+09 6.68066e+09 6.68666e+09 6.69266e+09 6.69866e+09 6.70466e+09 6.71066e+09 6.71666e+09 6.72266e+09 
TOTAL EXE TIME: 60.8827seconds


➜  Lab3 git:(master) ✗ ./a.out 2 2000 2000 2000
Thread_0: 0 ~2000, step 2
Thread_1: 1 ~2000, step 2
=== FIRST 10 ===
2.66867e+09 2.67067e+09 2.67267e+09 2.67467e+09 2.67667e+09 2.67867e+09 2.68067e+09 2.68267e+09 2.68468e+09 2.68668e+09 
2.67067e+09 2.67267e+09 2.67467e+09 2.67668e+09 2.67868e+09 2.68068e+09 2.68269e+09 2.68469e+09 2.68669e+09 2.6887e+09 
2.67267e+09 2.67467e+09 2.67668e+09 2.67868e+09 2.68069e+09 2.68269e+09 2.6847e+09 2.6867e+09 2.68871e+09 2.69071e+09 
2.67467e+09 2.67668e+09 2.67868e+09 2.68069e+09 2.6827e+09 2.6847e+09 2.68671e+09 2.68872e+09 2.69073e+09 2.69273e+09 
2.67667e+09 2.67868e+09 2.68069e+09 2.6827e+09 2.68471e+09 2.68672e+09 2.68872e+09 2.69073e+09 2.69274e+09 2.69475e+09 
2.67867e+09 2.68068e+09 2.68269e+09 2.6847e+09 2.68672e+09 2.68873e+09 2.69074e+09 2.69275e+09 2.69476e+09 2.69677e+09 
2.68067e+09 2.68269e+09 2.6847e+09 2.68671e+09 2.68872e+09 2.69074e+09 2.69275e+09 2.69476e+09 2.69678e+09 2.69879e+09 
2.68267e+09 2.68469e+09 2.6867e+09 2.68872e+09 2.69073e+09 2.69275e+09 2.69476e+09 2.69678e+09 2.69879e+09 2.70081e+09 
2.68468e+09 2.68669e+09 2.68871e+09 2.69073e+09 2.69274e+09 2.69476e+09 2.69678e+09 2.69879e+09 2.70081e+09 2.70283e+09 
2.68668e+09 2.6887e+09 2.69071e+09 2.69273e+09 2.69475e+09 2.69677e+09 2.69879e+09 2.70081e+09 2.70283e+09 2.70485e+09 
=== LAST 10 ===
6.65066e+09 6.65664e+09 6.66262e+09 6.6686e+09 6.67458e+09 6.68056e+09 6.68654e+09 6.69252e+09 6.6985e+09 6.70449e+09 
6.65266e+09 6.65864e+09 6.66462e+09 6.67061e+09 6.67659e+09 6.68257e+09 6.68856e+09 6.69454e+09 6.70052e+09 6.7065e+09 
6.65466e+09 6.66064e+09 6.66663e+09 6.67261e+09 6.6786e+09 6.68458e+09 6.69057e+09 6.69655e+09 6.70254e+09 6.70852e+09 
6.65666e+09 6.66265e+09 6.66863e+09 6.67462e+09 6.68061e+09 6.6866e+09 6.69258e+09 6.69857e+09 6.70456e+09 6.71054e+09 
6.65866e+09 6.66465e+09 6.67064e+09 6.67663e+09 6.68262e+09 6.68861e+09 6.6946e+09 6.70058e+09 6.70657e+09 6.71256e+09 
6.66066e+09 6.66665e+09 6.67264e+09 6.67864e+09 6.68463e+09 6.69062e+09 6.69661e+09 6.7026e+09 6.70859e+09 6.71458e+09 
6.66266e+09 6.66866e+09 6.67465e+09 6.68064e+09 6.68664e+09 6.69263e+09 6.69862e+09 6.70461e+09 6.71061e+09 6.7166e+09 
6.66466e+09 6.67066e+09 6.67665e+09 6.68265e+09 6.68864e+09 6.69464e+09 6.70063e+09 6.70663e+09 6.71262e+09 6.71862e+09 
6.66666e+09 6.67266e+09 6.67866e+09 6.68466e+09 6.69065e+09 6.69665e+09 6.70265e+09 6.70864e+09 6.71464e+09 6.72064e+09 
6.66867e+09 6.67466e+09 6.68066e+09 6.68666e+09 6.69266e+09 6.69866e+09 6.70466e+09 6.71066e+09 6.71666e+09 6.72266e+09 
TOTAL EXE TIME: 30.2829seconds


➜  Lab3 git:(master) ✗ ./a.out 4 2000 2000 2000
Thread_0: 0 ~2000, step 4
Thread_1: 1 ~2000, step 4
Thread_2: 2 ~2000, step 4
Thread_3: 3 ~2000, step 4
=== FIRST 10 ===
2.66867e+09 2.67067e+09 2.67267e+09 2.67467e+09 2.67667e+09 2.67867e+09 2.68067e+09 2.68267e+09 2.68468e+09 2.68668e+09 
2.67067e+09 2.67267e+09 2.67467e+09 2.67668e+09 2.67868e+09 2.68068e+09 2.68269e+09 2.68469e+09 2.68669e+09 2.6887e+09 
2.67267e+09 2.67467e+09 2.67668e+09 2.67868e+09 2.68069e+09 2.68269e+09 2.6847e+09 2.6867e+09 2.68871e+09 2.69071e+09 
2.67467e+09 2.67668e+09 2.67868e+09 2.68069e+09 2.6827e+09 2.6847e+09 2.68671e+09 2.68872e+09 2.69073e+09 2.69273e+09 
2.67667e+09 2.67868e+09 2.68069e+09 2.6827e+09 2.68471e+09 2.68672e+09 2.68872e+09 2.69073e+09 2.69274e+09 2.69475e+09 
2.67867e+09 2.68068e+09 2.68269e+09 2.6847e+09 2.68672e+09 2.68873e+09 2.69074e+09 2.69275e+09 2.69476e+09 2.69677e+09 
2.68067e+09 2.68269e+09 2.6847e+09 2.68671e+09 2.68872e+09 2.69074e+09 2.69275e+09 2.69476e+09 2.69678e+09 2.69879e+09 
2.68267e+09 2.68469e+09 2.6867e+09 2.68872e+09 2.69073e+09 2.69275e+09 2.69476e+09 2.69678e+09 2.69879e+09 2.70081e+09 
2.68468e+09 2.68669e+09 2.68871e+09 2.69073e+09 2.69274e+09 2.69476e+09 2.69678e+09 2.69879e+09 2.70081e+09 2.70283e+09 
2.68668e+09 2.6887e+09 2.69071e+09 2.69273e+09 2.69475e+09 2.69677e+09 2.69879e+09 2.70081e+09 2.70283e+09 2.70485e+09 
=== LAST 10 ===
6.65066e+09 6.65664e+09 6.66262e+09 6.6686e+09 6.67458e+09 6.68056e+09 6.68654e+09 6.69252e+09 6.6985e+09 6.70449e+09 
6.65266e+09 6.65864e+09 6.66462e+09 6.67061e+09 6.67659e+09 6.68257e+09 6.68856e+09 6.69454e+09 6.70052e+09 6.7065e+09 
6.65466e+09 6.66064e+09 6.66663e+09 6.67261e+09 6.6786e+09 6.68458e+09 6.69057e+09 6.69655e+09 6.70254e+09 6.70852e+09 
6.65666e+09 6.66265e+09 6.66863e+09 6.67462e+09 6.68061e+09 6.6866e+09 6.69258e+09 6.69857e+09 6.70456e+09 6.71054e+09 
6.65866e+09 6.66465e+09 6.67064e+09 6.67663e+09 6.68262e+09 6.68861e+09 6.6946e+09 6.70058e+09 6.70657e+09 6.71256e+09 
6.66066e+09 6.66665e+09 6.67264e+09 6.67864e+09 6.68463e+09 6.69062e+09 6.69661e+09 6.7026e+09 6.70859e+09 6.71458e+09 
6.66266e+09 6.66866e+09 6.67465e+09 6.68064e+09 6.68664e+09 6.69263e+09 6.69862e+09 6.70461e+09 6.71061e+09 6.7166e+09 
6.66466e+09 6.67066e+09 6.67665e+09 6.68265e+09 6.68864e+09 6.69464e+09 6.70063e+09 6.70663e+09 6.71262e+09 6.71862e+09 
6.66666e+09 6.67266e+09 6.67866e+09 6.68466e+09 6.69065e+09 6.69665e+09 6.70265e+09 6.70864e+09 6.71464e+09 6.72064e+09 
6.66867e+09 6.67466e+09 6.68066e+09 6.68666e+09 6.69266e+09 6.69866e+09 6.70466e+09 6.71066e+09 6.71666e+09 6.72266e+09 
TOTAL EXE TIME: 12.5187seconds


➜  Lab3 git:(master) ✗ ./a.out 8 2000 2000 2000
Thread_0: 0 ~2000, step 8
Thread_1: 1 ~2000, step 8
Thread_2: 2 ~2000, step 8
Thread_3: 3 ~2000, step 8
Thread_4: 4 ~2000, step 8
Thread_5: 5 ~2000, step 8
Thread_7: 7 ~2000, step 8
Thread_6: 6 ~2000, step 8
=== FIRST 10 ===
2.66867e+09 2.67067e+09 2.67267e+09 2.67467e+09 2.67667e+09 2.67867e+09 2.68067e+09 2.68267e+09 2.68468e+09 2.68668e+09 
2.67067e+09 2.67267e+09 2.67467e+09 2.67668e+09 2.67868e+09 2.68068e+09 2.68269e+09 2.68469e+09 2.68669e+09 2.6887e+09 
2.67267e+09 2.67467e+09 2.67668e+09 2.67868e+09 2.68069e+09 2.68269e+09 2.6847e+09 2.6867e+09 2.68871e+09 2.69071e+09 
2.67467e+09 2.67668e+09 2.67868e+09 2.68069e+09 2.6827e+09 2.6847e+09 2.68671e+09 2.68872e+09 2.69073e+09 2.69273e+09 
2.67667e+09 2.67868e+09 2.68069e+09 2.6827e+09 2.68471e+09 2.68672e+09 2.68872e+09 2.69073e+09 2.69274e+09 2.69475e+09 
2.67867e+09 2.68068e+09 2.68269e+09 2.6847e+09 2.68672e+09 2.68873e+09 2.69074e+09 2.69275e+09 2.69476e+09 2.69677e+09 
2.68067e+09 2.68269e+09 2.6847e+09 2.68671e+09 2.68872e+09 2.69074e+09 2.69275e+09 2.69476e+09 2.69678e+09 2.69879e+09 
2.68267e+09 2.68469e+09 2.6867e+09 2.68872e+09 2.69073e+09 2.69275e+09 2.69476e+09 2.69678e+09 2.69879e+09 2.70081e+09 
2.68468e+09 2.68669e+09 2.68871e+09 2.69073e+09 2.69274e+09 2.69476e+09 2.69678e+09 2.69879e+09 2.70081e+09 2.70283e+09 
2.68668e+09 2.6887e+09 2.69071e+09 2.69273e+09 2.69475e+09 2.69677e+09 2.69879e+09 2.70081e+09 2.70283e+09 2.70485e+09 
=== LAST 10 ===
6.65066e+09 6.65664e+09 6.66262e+09 6.6686e+09 6.67458e+09 6.68056e+09 6.68654e+09 6.69252e+09 6.6985e+09 6.70449e+09 
6.65266e+09 6.65864e+09 6.66462e+09 6.67061e+09 6.67659e+09 6.68257e+09 6.68856e+09 6.69454e+09 6.70052e+09 6.7065e+09 
6.65466e+09 6.66064e+09 6.66663e+09 6.67261e+09 6.6786e+09 6.68458e+09 6.69057e+09 6.69655e+09 6.70254e+09 6.70852e+09 
6.65666e+09 6.66265e+09 6.66863e+09 6.67462e+09 6.68061e+09 6.6866e+09 6.69258e+09 6.69857e+09 6.70456e+09 6.71054e+09 
6.65866e+09 6.66465e+09 6.67064e+09 6.67663e+09 6.68262e+09 6.68861e+09 6.6946e+09 6.70058e+09 6.70657e+09 6.71256e+09 
6.66066e+09 6.66665e+09 6.67264e+09 6.67864e+09 6.68463e+09 6.69062e+09 6.69661e+09 6.7026e+09 6.70859e+09 6.71458e+09 
6.66266e+09 6.66866e+09 6.67465e+09 6.68064e+09 6.68664e+09 6.69263e+09 6.69862e+09 6.70461e+09 6.71061e+09 6.7166e+09 
6.66466e+09 6.67066e+09 6.67665e+09 6.68265e+09 6.68864e+09 6.69464e+09 6.70063e+09 6.70663e+09 6.71262e+09 6.71862e+09 
6.66666e+09 6.67266e+09 6.67866e+09 6.68466e+09 6.69065e+09 6.69665e+09 6.70265e+09 6.70864e+09 6.71464e+09 6.72064e+09 
6.66867e+09 6.67466e+09 6.68066e+09 6.68666e+09 6.69266e+09 6.69866e+09 6.70466e+09 6.71066e+09 6.71666e+09 6.72266e+09 
TOTAL EXE TIME: 9.11589seconds